43
ASU47554__KX774634.1        0.000000 0.737939 0.796758 0.854589 0.828947 0.832237 0.836623 0.813333 0.780702 0.832117 0.839623 0.735746 0.834430 0.734649 0.858491 0.835526 0.760045 0.800000 0.850877 0.825658 0.854962 0.817982 0.857143 0.838164 0.773333 0.730634 0.831140 0.848101 0.848837 0.744518 0.836158 0.800000 0.760000 0.735746 0.865979 0.833333 0.709981 0.817982 0.736842 0.706140 0.836623 0.800000 0.850877
AOC89548__KU705814.1        0.737939 0.000000 0.785536 0.829559 0.818737 0.829939 0.836049 0.813333 0.794297 0.846715 0.830189 0.122200 0.811609 0.792395 0.839623 0.831976 0.766741 0.826667 0.850318 0.844184 0.854962 0.818737 0.834586 0.832126 0.840000 0.776408 0.846232 0.822785 0.837209 0.783333 0.853107 0.826667 0.813333 0.113035 0.845361 0.844444 0.743879 0.836049 0.794297 0.752621 0.838086 0.813333 0.814664
ASM94093__MF190050.1        0.796758 0.785536 0.000000 0.758105 0.874065 0.829177 0.840399 0.840000 0.824190 0.846715 0.849057 0.786783 0.850374 0.827930 0.849057 0.834165 0.826683 0.853333 0.862843 0.870324 0.847328 0.852868 0.857143 0.903990 0.840000 0.822183 0.859102 0.875949 0.872093 0.806733 0.890772 0.813333 0.840000 0.786783 0.845361 0.844444 0.809793 0.836658 0.812968 0.795511 0.835411 0.826667 0.817955
ASM94092__MF190049.1        0.854589 0.829559 0.758105 0.000000 0.853397 0.846246 0.853397 0.840000 0.855781 0.846715 0.839623 0.828367 0.874851 0.840286 0.849057 0.859356 0.858164 0.826667 0.868892 0.868892 0.862595 0.855781 0.834586 0.879227 0.853333 0.832746 0.872467 0.855696 0.848837 0.846246 0.898305 0.826667 0.853333 0.830751 0.845361 0.844444 0.832392 0.855781 0.843862 0.830751 0.851013 0.840000 0.860548
Q6XNL5__undef               0.828947 0.818737 0.874065 0.853397 0.000000 0.646293 0.636273 0.840000 0.849112 0.868613 0.839623 0.834181 0.561841 0.837616 0.867925 0.640281 0.829241 0.840000 0.880042 0.900747 0.854962 0.270087 0.864662 0.539855 0.813333 0.792254 0.882892 0.693671 0.848837 0.818750 0.629002 0.840000 0.826667 0.823829 0.835052 0.855556 0.832392 0.625251 0.838250 0.825996 0.629259 0.840000 0.621053
Q992J0__undef               0.832237 0.829939 0.829177 0.846246 0.646293 0.000000 0.161323 0.826667 0.851703 0.854015 0.830189 0.835198 0.624248 0.855087 0.811321 0.120240 0.818080 0.813333 0.882166 0.876201 0.854962 0.642285 0.872180 0.615942 0.826667 0.802817 0.867617 0.579747 0.779070 0.817708 0.118644 0.840000 0.800000 0.835031 0.845361 0.855556 0.854991 0.168337 0.838250 0.838574 0.166333 0.826667 0.648297
Q96631__undef               0.836623 0.836049 0.840399 0.853397 0.636273 0.161323 0.000000 0.813333 0.852705 0.861314 0.830189 0.837233 0.608216 0.858171 0.839623 0.129259 0.821429 0.813333 0.880042 0.870864 0.854962 0.630261 0.872180 0.605072 0.826667 0.790493 0.876782 0.579747 0.825581 0.840625 0.097928 0.813333 0.800000 0.834012 0.865979 0.811111 0.851224 0.062124 0.840285 0.834382 0.064128 0.813333 0.645291
Q9QAZ7__undef               0.813333 0.813333 0.840000 0.840000 0.840000 0.826667 0.813333 0.000000 0.840000 0.800000 0.840000 0.813333 0.826667 0.786667 0.840000 0.826667 0.826667 0.266667 0.800000 0.826667 0.840000 0.853333 0.826667 0.826667 0.213333 0.866667 0.813333 0.866667 0.853333 0.813333 0.840000 0.240000 0.226667 0.813333 0.800000 0.866667 0.800000 0.813333 0.813333 0.813333 0.840000 0.240000 0.826667
Q3KSM3__undef               0.780702 0.794297 0.824190 0.855781 0.849112 0.851703 0.852705 0.840000 0.000000 0.861314 0.830189 0.798576 0.848126 0.663926 0.830189 0.850701 0.766741 0.840000 0.854565 0.858058 0.870229 0.830375 0.864662 0.834541 0.840000 0.697183 0.856415 0.832911 0.860465 0.660417 0.890772 0.840000 0.840000 0.794297 0.855670 0.822222 0.738230 0.857715 0.757884 0.765199 0.850701 0.840000 0.852071
Q9IMM3__undef               0.832117 0.846715 0.846715 0.846715 0.868613 0.854015 0.861314 0.800000 0.861314 0.000000 0.754717 0.839416 0.839416 0.839416 0.783019 0.854015 0.839416 0.800000 0.839416 0.839416 0.694656 0.861314 0.736842 0.868613 0.800000 0.868613 0.846715 0.861314 0.848837 0.846715 0.861314 0.813333 0.826667 0.846715 0.195876 0.844444 0.832117 0.868613 0.839416 0.839416 0.861314 0.813333 0.839416
Q992I9__undef               0.839623 0.830189 0.849057 0.839623 0.839623 0.830189 0.830189 0.840000 0.830189 0.754717 0.000000 0.830189 0.839623 0.839623 0.226415 0.820755 0.858491 0.840000 0.839623 0.830189 0.726415 0.830189 0.783019 0.811321 0.853333 0.820755 0.839623 0.830189 0.848837 0.820755 0.839623 0.840000 0.853333 0.830189 0.793814 0.822222 0.839623 0.849057 0.839623 0.839623 0.839623 0.840000 0.830189
Q9QAZ8__undef               0.735746 0.122200 0.786783 0.828367 0.834181 0.835198 0.837233 0.813333 0.798576 0.839416 0.830189 0.000000 0.827060 0.782117 0.839623 0.838250 0.758929 0.840000 0.841826 0.850587 0.832061 0.813835 0.827068 0.832126 0.840000 0.774648 0.841141 0.810127 0.779070 0.778125 0.856874 0.826667 0.813333 0.125255 0.835052 0.844444 0.738230 0.841302 0.783316 0.752621 0.831129 0.826667 0.810783
Q9IMM4__undef               0.834430 0.811609 0.850374 0.874851 0.561841 0.624248 0.608216 0.826667 0.848126 0.839416 0.839623 0.827060 0.000000 0.839671 0.820755 0.604208 0.823661 0.826667 0.869427 0.887940 0.862595 0.549855 0.842105 0.514493 0.826667 0.816901 0.877800 0.658228 0.813953 0.816667 0.604520 0.840000 0.826667 0.807536 0.845361 0.844444 0.847458 0.609218 0.829095 0.830189 0.602204 0.800000 0.614573
Q9J7Z2__undef               0.734649 0.792395 0.827930 0.840286 0.837616 0.855087 0.858171 0.786667 0.663926 0.839416 0.839623 0.782117 0.839671 0.000000 0.830189 0.854060 0.767857 0.813333 0.855626 0.871932 0.839695 0.840699 0.842105 0.827295 0.813333 0.672535 0.870504 0.805063 0.813953 0.592708 0.868173 0.800000 0.813333 0.786228 0.824742 0.822222 0.674200 0.860226 0.706064 0.759958 0.856115 0.813333 0.829394
P68831__undef               0.858491 0.839623 0.849057 0.849057 0.867925 0.811321 0.839623 0.840000 0.830189 0.783019 0.226415 0.839623 0.820755 0.830189 0.000000 0.811321 0.858491 0.880000 0.830189 0.820755 0.726415 0.839623 0.764151 0.858491 0.853333 0.839623 0.811321 0.849057 0.825581 0.839623 0.830189 0.880000 0.840000 0.839623 0.804124 0.844444 0.839623 0.849057 0.839623 0.839623 0.830189 0.880000 0.839623
AMO03244__KU754529.1        0.835526 0.831976 0.834165 0.859356 0.640281 0.120240 0.129259 0.826667 0.850701 0.854015 0.820755 0.838250 0.604208 0.854060 0.811321 0.000000 0.812500 0.853333 0.877919 0.876201 0.847328 0.636273 0.857143 0.613527 0.826667 0.797535 0.877800 0.587342 0.837209 0.818750 0.077213 0.853333 0.813333 0.842159 0.855670 0.844444 0.862524 0.140281 0.837233 0.832285 0.142285 0.840000 0.637275
AMO03241__KU754526.1        0.760045 0.766741 0.826683 0.858164 0.829241 0.818080 0.821429 0.826667 0.766741 0.839416 0.858491 0.758929 0.823661 0.767857 0.858491 0.812500 0.000000 0.826667 0.880580 0.867188 0.839695 0.824777 0.849624 0.815217 0.840000 0.757042 0.872768 0.810127 0.837209 0.746652 0.853107 0.853333 0.866667 0.763393 0.855670 0.822222 0.719397 0.840402 0.739955 0.723214 0.818080 0.826667 0.808036
YP_611156__AY324869         0.800000 0.826667 0.853333 0.826667 0.840000 0.813333 0.813333 0.266667 0.840000 0.800000 0.840000 0.840000 0.826667 0.813333 0.880000 0.853333 0.826667 0.000000 0.826667 0.800000 0.853333 0.840000 0.853333 0.840000 0.173333 0.853333 0.840000 0.853333 0.866667 0.786667 0.853333 0.066667 0.213333 0.800000 0.800000 0.853333 0.866667 0.840000 0.840000 0.840000 0.840000 0.053333 0.813333
YP_009175040__JQ943579      0.850877 0.850318 0.862843 0.868892 0.880042 0.882166 0.880042 0.800000 0.854565 0.839416 0.839623 0.841826 0.869427 0.855626 0.830189 0.877919 0.880580 0.826667 0.000000 0.703308 0.854962 0.870488 0.857143 0.891304 0.840000 0.829225 0.704883 0.848101 0.837209 0.838641 0.898305 0.826667 0.840000 0.851380 0.845361 0.844444 0.851224 0.880042 0.857749 0.857749 0.881104 0.813333 0.874735
YP_009173859__HM030970      0.825658 0.844184 0.870324 0.868892 0.900747 0.876201 0.870864 0.826667 0.858058 0.839416 0.830189 0.850587 0.887940 0.871932 0.820755 0.876201 0.867188 0.800000 0.703308 0.000000 0.847328 0.879402 0.842105 0.897343 0.826667 0.834507 0.621131 0.832911 0.813953 0.867663 0.885122 0.813333 0.840000 0.860192 0.855670 0.844444 0.826742 0.871932 0.877268 0.838847 0.871932 0.800000 0.868730
YP_004207811__HQ259079      0.854962 0.854962 0.847328 0.862595 0.854962 0.854962 0.854962 0.840000 0.870229 0.694656 0.726415 0.832061 0.862595 0.839695 0.726415 0.847328 0.839695 0.853333 0.854962 0.847328 0.000000 0.854962 0.343511 0.847328 0.840000 0.847328 0.847328 0.870229 0.848837 0.847328 0.870229 0.840000 0.840000 0.839695 0.659794 0.855556 0.854962 0.854962 0.839695 0.847328 0.854962 0.840000 0.839695
YP_004207810__HQ259079      0.817982 0.818737 0.852868 0.855781 0.270087 0.642285 0.630261 0.853333 0.830375 0.861314 0.830189 0.813835 0.549855 0.840699 0.839623 0.636273 0.824777 0.840000 0.870488 0.879402 0.854962 0.000000 0.879699 0.555556 0.840000 0.788732 0.872709 0.716456 0.848837 0.820833 0.612053 0.840000 0.840000 0.829939 0.835052 0.855556 0.834275 0.622244 0.833164 0.832285 0.625251 0.840000 0.623427
NP_919037__AY222839         0.857143 0.834586 0.857143 0.834586 0.864662 0.872180 0.872180 0.826667 0.864662 0.736842 0.783019 0.827068 0.842105 0.842105 0.764151 0.857143 0.849624 0.853333 0.857143 0.842105 0.343511 0.879699 0.000000 0.842105 0.853333 0.849624 0.834586 0.872180 0.790698 0.849624 0.864662 0.840000 0.853333 0.849624 0.711340 0.866667 0.857143 0.864662 0.827068 0.827068 0.857143 0.853333 0.879699
AKP18615__KR003799.1        0.838164 0.832126 0.903990 0.879227 0.539855 0.615942 0.605072 0.826667 0.834541 0.868613 0.811321 0.832126 0.514493 0.827295 0.858491 0.613527 0.815217 0.840000 0.891304 0.897343 0.847328 0.555556 0.842105 0.000000 0.853333 0.794014 0.878019 0.762025 0.825581 0.832126 0.627119 0.840000 0.840000 0.832126 0.865979 0.822222 0.864407 0.601449 0.846618 0.849034 0.602657 0.826667 0.588164
YP_003288757__EU236146      0.773333 0.840000 0.840000 0.853333 0.813333 0.826667 0.826667 0.213333 0.840000 0.800000 0.853333 0.840000 0.826667 0.813333 0.853333 0.826667 0.840000 0.173333 0.840000 0.826667 0.840000 0.840000 0.853333 0.853333 0.000000 0.853333 0.853333 0.866667 0.866667 0.840000 0.840000 0.173333 0.093333 0.826667 0.813333 0.853333 0.800000 0.840000 0.826667 0.826667 0.826667 0.133333 0.840000
AKA58518__KP263548.1        0.730634 0.776408 0.822183 0.832746 0.792254 0.802817 0.790493 0.866667 0.697183 0.868613 0.820755 0.774648 0.816901 0.672535 0.839623 0.797535 0.757042 0.853333 0.829225 0.834507 0.847328 0.788732 0.849624 0.794014 0.853333 0.000000 0.832746 0.883544 0.837209 0.633803 0.894539 0.853333 0.853333 0.769366 0.845361 0.822222 0.787194 0.788732 0.718310 0.758803 0.785211 0.853333 0.804577
YP_004221742__HM030972      0.831140 0.846232 0.859102 0.872467 0.882892 0.867617 0.876782 0.813333 0.856415 0.846715 0.839623 0.841141 0.877800 0.870504 0.811321 0.877800 0.872768 0.840000 0.704883 0.621131 0.847328 0.872709 0.834586 0.878019 0.853333 0.832746 0.000000 0.837975 0.825581 0.844792 0.896422 0.840000 0.813333 0.853360 0.845361 0.788889 0.821092 0.875764 0.851324 0.839623 0.869654 0.840000 0.871690
AIL48199__KM112247.1        0.848101 0.822785 0.875949 0.855696 0.693671 0.579747 0.579747 0.866667 0.832911 0.861314 0.830189 0.810127 0.658228 0.805063 0.849057 0.587342 0.810127 0.853333 0.848101 0.832911 0.870229 0.716456 0.872180 0.762025 0.866667 0.883544 0.837975 0.000000 0.825581 0.794937 0.891139 0.866667 0.853333 0.825316 0.865979 0.833333 0.881013 0.567089 0.815190 0.782278 0.572152 0.853333 0.698734
AIO11153__KJ632942.1        0.848837 0.837209 0.872093 0.848837 0.848837 0.779070 0.825581 0.853333 0.860465 0.848837 0.848837 0.779070 0.813953 0.813953 0.825581 0.837209 0.837209 0.866667 0.837209 0.813953 0.848837 0.848837 0.790698 0.825581 0.866667 0.837209 0.825581 0.825581 0.000000 0.825581 0.860465 0.880000 0.866667 0.813953 0.860465 0.767442 0.813953 0.848837 0.825581 0.825581 0.825581 0.866667 0.837209
AIO11151__KJ632942.1        0.744518 0.783333 0.806733 0.846246 0.818750 0.817708 0.840625 0.813333 0.660417 0.846715 0.820755 0.778125 0.816667 0.592708 0.839623 0.818750 0.746652 0.786667 0.838641 0.867663 0.847328 0.820833 0.849624 0.832126 0.840000 0.633803 0.844792 0.794937 0.825581 0.000000 0.854991 0.800000 0.826667 0.775000 0.845361 0.855556 0.683616 0.834375 0.735417 0.735849 0.839583 0.840000 0.816667
AGN73379__KF170225.1        0.836158 0.853107 0.890772 0.898305 0.629002 0.118644 0.097928 0.840000 0.890772 0.861314 0.839623 0.856874 0.604520 0.868173 0.830189 0.077213 0.853107 0.853333 0.898305 0.885122 0.870229 0.612053 0.864662 0.627119 0.840000 0.894539 0.896422 0.891139 0.860465 0.854991 0.000000 0.853333 0.813333 0.856874 0.876289 0.866667 0.894539 0.116761 0.883239 0.864407 0.120527 0.840000 0.634652
AGQ16353__undef             0.800000 0.826667 0.813333 0.826667 0.840000 0.840000 0.813333 0.240000 0.840000 0.813333 0.840000 0.826667 0.840000 0.800000 0.880000 0.853333 0.853333 0.066667 0.826667 0.813333 0.840000 0.840000 0.840000 0.840000 0.173333 0.853333 0.840000 0.866667 0.880000 0.800000 0.853333 0.000000 0.186667 0.826667 0.813333 0.866667 0.840000 0.826667 0.840000 0.840000 0.813333 0.053333 0.840000
YP_003288760__              0.760000 0.813333 0.840000 0.853333 0.826667 0.800000 0.800000 0.226667 0.840000 0.826667 0.853333 0.813333 0.826667 0.813333 0.840000 0.813333 0.866667 0.213333 0.840000 0.840000 0.840000 0.840000 0.853333 0.840000 0.093333 0.853333 0.813333 0.853333 0.866667 0.826667 0.813333 0.186667 0.000000 0.813333 0.826667 0.866667 0.800000 0.813333 0.800000 0.813333 0.813333 0.186667 0.826667
YP_003288759__EU236148      0.735746 0.113035 0.786783 0.830751 0.823829 0.835031 0.834012 0.813333 0.794297 0.846715 0.830189 0.125255 0.807536 0.786228 0.839623 0.842159 0.763393 0.800000 0.851380 0.860192 0.839695 0.829939 0.849624 0.832126 0.826667 0.769366 0.853360 0.825316 0.813953 0.775000 0.856874 0.826667 0.813333 0.000000 0.855670 0.800000 0.774011 0.836049 0.787169 0.754717 0.836049 0.800000 0.825866
3G80B__undef                0.865979 0.845361 0.845361 0.845361 0.835052 0.845361 0.865979 0.800000 0.855670 0.195876 0.793814 0.835052 0.845361 0.824742 0.804124 0.855670 0.855670 0.800000 0.845361 0.855670 0.659794 0.835052 0.711340 0.865979 0.813333 0.845361 0.845361 0.865979 0.860465 0.845361 0.876289 0.813333 0.826667 0.855670 0.000000 0.866667 0.855670 0.876289 0.855670 0.855670 0.865979 0.813333 0.824742
NP_620110__AF171942         0.833333 0.844444 0.844444 0.844444 0.855556 0.855556 0.811111 0.866667 0.822222 0.844444 0.822222 0.844444 0.844444 0.822222 0.844444 0.844444 0.822222 0.853333 0.844444 0.844444 0.855556 0.855556 0.866667 0.822222 0.853333 0.822222 0.788889 0.833333 0.767442 0.855556 0.866667 0.866667 0.866667 0.800000 0.866667 0.000000 0.866667 0.833333 0.811111 0.811111 0.844444 0.853333 0.833333
AFM44932__JN661162.1        0.709981 0.743879 0.809793 0.832392 0.832392 0.854991 0.851224 0.800000 0.738230 0.832117 0.839623 0.738230 0.847458 0.674200 0.839623 0.862524 0.719397 0.866667 0.851224 0.826742 0.854962 0.834275 0.857143 0.864407 0.800000 0.787194 0.821092 0.881013 0.813953 0.683616 0.894539 0.840000 0.800000 0.774011 0.855670 0.866667 0.000000 0.856874 0.521657 0.694915 0.858757 0.826667 0.841808
AEQ39075__JF461541.1        0.817982 0.836049 0.836658 0.855781 0.625251 0.168337 0.062124 0.813333 0.857715 0.868613 0.849057 0.841302 0.609218 0.860226 0.849057 0.140281 0.840402 0.840000 0.880042 0.871932 0.854962 0.622244 0.864662 0.601449 0.840000 0.788732 0.875764 0.567089 0.848837 0.834375 0.116761 0.826667 0.813333 0.836049 0.876289 0.833333 0.856874 0.000000 0.839268 0.824948 0.056112 0.813333 0.642285
ADF97523__GU976287.1        0.736842 0.794297 0.812968 0.843862 0.838250 0.838250 0.840285 0.813333 0.757884 0.839416 0.839623 0.783316 0.829095 0.706064 0.839623 0.837233 0.739955 0.840000 0.857749 0.877268 0.839695 0.833164 0.827068 0.846618 0.826667 0.718310 0.851324 0.815190 0.825581 0.735417 0.883239 0.840000 0.800000 0.787169 0.855670 0.811111 0.521657 0.839268 0.000000 0.744235 0.836216 0.840000 0.832146
ADI48250__HM228873.1        0.706140 0.752621 0.795511 0.830751 0.825996 0.838574 0.834382 0.813333 0.765199 0.839416 0.839623 0.752621 0.830189 0.759958 0.839623 0.832285 0.723214 0.840000 0.857749 0.838847 0.847328 0.832285 0.827068 0.849034 0.826667 0.758803 0.839623 0.782278 0.825581 0.735849 0.864407 0.840000 0.813333 0.754717 0.855670 0.811111 0.694915 0.824948 0.744235 0.000000 0.822851 0.826667 0.836478
ABS29339__EF690537.1        0.836623 0.838086 0.835411 0.851013 0.629259 0.166333 0.064128 0.840000 0.850701 0.861314 0.839623 0.831129 0.602204 0.856115 0.830189 0.142285 0.818080 0.840000 0.881104 0.871932 0.854962 0.625251 0.857143 0.602657 0.826667 0.785211 0.869654 0.572152 0.825581 0.839583 0.120527 0.813333 0.813333 0.836049 0.865979 0.844444 0.858757 0.056112 0.836216 0.822851 0.000000 0.813333 0.642285
ABN09222__EF205028.1        0.800000 0.813333 0.826667 0.840000 0.840000 0.826667 0.813333 0.240000 0.840000 0.813333 0.840000 0.826667 0.800000 0.813333 0.880000 0.840000 0.826667 0.053333 0.813333 0.800000 0.840000 0.840000 0.853333 0.826667 0.133333 0.853333 0.840000 0.853333 0.866667 0.840000 0.840000 0.053333 0.186667 0.800000 0.813333 0.853333 0.826667 0.813333 0.840000 0.826667 0.813333 0.000000 0.840000
midge1_merged_contig967_9__ 0.850877 0.814664 0.817955 0.860548 0.621053 0.648297 0.645291 0.826667 0.852071 0.839416 0.830189 0.810783 0.614573 0.829394 0.839623 0.637275 0.808036 0.813333 0.874735 0.868730 0.839695 0.623427 0.879699 0.588164 0.840000 0.804577 0.871690 0.698734 0.837209 0.816667 0.634652 0.840000 0.826667 0.825866 0.824742 0.833333 0.841808 0.642285 0.832146 0.836478 0.642285 0.840000 0.000000
