51
ASM94002__MF189982.1   0.000000 0.859375 0.883598 0.889868 0.861386 0.861386 0.885463 0.865979 0.869198 0.885463 0.878571 0.888889 0.866667 0.873134 0.863309 0.860465 0.883019 0.790281 0.884910 0.882353 0.890026 0.901449 0.864286 0.769821 0.780051 0.884615 0.902813 0.886792 0.792839 0.780051 0.774936 0.782609 0.888235 0.883929 0.861111 0.808184 0.782609 0.780051 0.792839 0.780051 0.881657 0.884615 0.891176 0.891176 0.890533 0.888235 0.886792 0.896739 0.902813 0.847938 0.795276
BAX01501__LC180355.1   0.859375 0.000000 0.335938 0.859375 0.356436 0.386139 0.859375 0.381443 0.523438 0.351562 0.375000 0.867188 0.578125 0.585938 0.593750 0.625000 0.359375 0.843750 0.867188 0.867188 0.851562 0.867188 0.617188 0.851562 0.820312 0.343750 0.875000 0.867188 0.859375 0.867188 0.835938 0.851562 0.351562 0.351562 0.861111 0.835938 0.851562 0.820312 0.859375 0.867188 0.335938 0.351562 0.093750 0.265625 0.359375 0.351562 0.867188 0.875000 0.875000 0.859375 0.897638
AOY34610__KX575766.1   0.883598 0.335938 0.000000 0.878307 0.108911 0.118812 0.873016 0.051546 0.264550 0.148148 0.107143 0.825397 0.148148 0.164179 0.165468 0.186047 0.264550 0.867725 0.857143 0.851852 0.862434 0.878307 0.164286 0.873016 0.878307 0.174603 0.820106 0.873016 0.857143 0.857143 0.878307 0.857143 0.269841 0.052910 0.847222 0.873016 0.862434 0.878307 0.857143 0.857143 0.153439 0.084656 0.238095 0.211640 0.121693 0.269841 0.873016 0.862434 0.820106 0.873016 0.858268
ACJ09456__FJ379530.1   0.889868 0.859375 0.878307 0.000000 0.871287 0.841584 0.074890 0.855670 0.872247 0.885463 0.871429 0.881057 0.866667 0.843284 0.863309 0.860465 0.885463 0.894273 0.881057 0.885463 0.854626 0.308370 0.850000 0.894273 0.867841 0.876652 0.885463 0.079295 0.885463 0.889868 0.876652 0.889868 0.885463 0.881057 0.833333 0.876652 0.885463 0.872247 0.885463 0.889868 0.881057 0.876652 0.881057 0.881057 0.885463 0.885463 0.079295 0.656388 0.885463 0.881057 0.866142
ADX87440__JF326478.1   0.861386 0.356436 0.108911 0.871287 0.000000 0.089109 0.851485 0.092784 0.376238 0.059406 0.099010 0.841584 0.544554 0.544554 0.564356 0.594059 0.346535 0.831683 0.841584 0.851485 0.841584 0.831683 0.584158 0.851485 0.821782 0.168317 0.871287 0.831683 0.851485 0.831683 0.861386 0.851485 0.386139 0.079208 0.875000 0.831683 0.841584 0.831683 0.851485 0.831683 0.168317 0.108911 0.326733 0.297030 0.099010 0.386139 0.831683 0.841584 0.871287 0.831683 0.900990
ADX87439__JF326477.1   0.861386 0.386139 0.118812 0.841584 0.089109 0.000000 0.831683 0.092784 0.366337 0.108911 0.099010 0.831683 0.524752 0.524752 0.544554 0.574257 0.306931 0.831683 0.841584 0.851485 0.841584 0.841584 0.564356 0.861386 0.831683 0.188119 0.881188 0.841584 0.841584 0.831683 0.851485 0.851485 0.376238 0.079208 0.847222 0.841584 0.831683 0.841584 0.841584 0.831683 0.158416 0.069307 0.366337 0.336634 0.099010 0.376238 0.841584 0.831683 0.881188 0.861386 0.891089
ADV60033__HQ287005.1   0.885463 0.859375 0.873016 0.074890 0.851485 0.831683 0.000000 0.855670 0.867841 0.885463 0.871429 0.872247 0.866667 0.850746 0.856115 0.860465 0.894273 0.889868 0.867841 0.881057 0.867841 0.334802 0.857143 0.889868 0.867841 0.881057 0.876652 0.057269 0.885463 0.876652 0.876652 0.881057 0.885463 0.885463 0.833333 0.881057 0.867841 0.894273 0.885463 0.876652 0.881057 0.867841 0.881057 0.881057 0.889868 0.885463 0.057269 0.651982 0.876652 0.867841 0.842520
ABU88465__EF591366.1   0.865979 0.381443 0.051546 0.855670 0.092784 0.092784 0.855670 0.000000 0.360825 0.123711 0.072165 0.865979 0.484536 0.484536 0.505155 0.536082 0.319588 0.814433 0.845361 0.835052 0.845361 0.855670 0.525773 0.855670 0.835052 0.185567 0.876289 0.845361 0.835052 0.845361 0.845361 0.835052 0.371134 0.051546 0.861111 0.835052 0.835052 0.835052 0.835052 0.845361 0.154639 0.092784 0.360825 0.309278 0.061856 0.371134 0.845361 0.814433 0.876289 0.855670 0.896907
AAT77252__AY600956.1   0.869198 0.523438 0.264550 0.872247 0.376238 0.366337 0.867841 0.360825 0.000000 0.193833 0.350000 0.776371 0.162963 0.179104 0.143885 0.170543 0.308017 0.890295 0.805907 0.839662 0.822785 0.877637 0.107143 0.869198 0.886076 0.253165 0.776371 0.852321 0.877637 0.881857 0.864979 0.860759 0.303797 0.189873 0.805556 0.869198 0.877637 0.864979 0.877637 0.881857 0.244726 0.168776 0.303797 0.299578 0.244726 0.303797 0.852321 0.864979 0.776371 0.881857 0.866142
AAG09222__AF175517.1   0.885463 0.351562 0.148148 0.885463 0.059406 0.108911 0.885463 0.123711 0.193833 0.000000 0.164286 0.779736 0.162963 0.164179 0.179856 0.193798 0.237885 0.889868 0.832599 0.823789 0.845815 0.885463 0.135714 0.881057 0.885463 0.136564 0.775330 0.876652 0.876652 0.863436 0.889868 0.876652 0.237885 0.066079 0.805556 0.881057 0.863436 0.876652 0.876652 0.863436 0.132159 0.070485 0.198238 0.189427 0.118943 0.237885 0.876652 0.859031 0.775330 0.889868 0.866142
ADG26751__HM017077.1   0.878571 0.375000 0.107143 0.871429 0.099010 0.099010 0.871429 0.072165 0.350000 0.164286 0.000000 0.850000 0.414815 0.410448 0.446043 0.426357 0.328571 0.871429 0.857143 0.857143 0.842857 0.864286 0.464286 0.857143 0.842857 0.200000 0.878571 0.871429 0.864286 0.871429 0.857143 0.864286 0.385714 0.100000 0.847222 0.871429 0.871429 0.864286 0.864286 0.871429 0.178571 0.100000 0.314286 0.300000 0.142857 0.385714 0.871429 0.850000 0.878571 0.871429 0.889764
ACY74430__GU144510.1   0.888889 0.867188 0.825397 0.881057 0.841584 0.831683 0.872247 0.865979 0.776371 0.779736 0.850000 0.000000 0.807407 0.798507 0.805755 0.775194 0.766038 0.875339 0.815718 0.794038 0.821138 0.869565 0.785714 0.875339 0.875339 0.781065 0.612466 0.880759 0.883469 0.859079 0.878049 0.878049 0.794118 0.794643 0.847222 0.875339 0.875339 0.880759 0.883469 0.859079 0.789941 0.789941 0.794118 0.797059 0.792899 0.794118 0.880759 0.877717 0.612466 0.888889 0.850394
ACN23846__FJ655187.1   0.866667 0.578125 0.148148 0.866667 0.544554 0.524752 0.866667 0.484536 0.162963 0.162963 0.414815 0.807407 0.000000 0.104478 0.066667 0.124031 0.281481 0.859259 0.844444 0.844444 0.844444 0.874074 0.118519 0.859259 0.866667 0.214815 0.777778 0.859259 0.851852 0.851852 0.844444 0.851852 0.288889 0.133333 0.833333 0.844444 0.866667 0.851852 0.851852 0.851852 0.192593 0.081481 0.288889 0.259259 0.207407 0.288889 0.859259 0.859259 0.777778 0.866667 0.881890
ACN23844__FJ655184.1   0.873134 0.585938 0.164179 0.843284 0.544554 0.524752 0.850746 0.484536 0.179104 0.164179 0.410448 0.798507 0.104478 0.000000 0.097015 0.100775 0.291045 0.843284 0.843284 0.843284 0.843284 0.858209 0.126866 0.843284 0.865672 0.208955 0.776119 0.850746 0.835821 0.835821 0.850746 0.858209 0.291045 0.141791 0.833333 0.865672 0.843284 0.850746 0.835821 0.835821 0.186567 0.089552 0.305970 0.253731 0.216418 0.291045 0.850746 0.858209 0.776119 0.865672 0.881890
ACN23843__FJ655183.1   0.863309 0.593750 0.165468 0.863309 0.564356 0.544554 0.856115 0.505155 0.143885 0.179856 0.446043 0.805755 0.066667 0.097015 0.000000 0.124031 0.294964 0.863309 0.834532 0.848921 0.856115 0.856115 0.122302 0.856115 0.863309 0.230216 0.784173 0.856115 0.841727 0.848921 0.848921 0.856115 0.302158 0.151079 0.833333 0.870504 0.856115 0.863309 0.841727 0.848921 0.208633 0.100719 0.302158 0.273381 0.215827 0.302158 0.856115 0.848921 0.784173 0.870504 0.874016
ACN23842__FJ655182.1   0.860465 0.625000 0.186047 0.860465 0.594059 0.574257 0.860465 0.536082 0.170543 0.193798 0.426357 0.775194 0.124031 0.100775 0.124031 0.000000 0.310078 0.844961 0.852713 0.844961 0.844961 0.868217 0.124031 0.852713 0.875969 0.232558 0.790698 0.860465 0.852713 0.844961 0.844961 0.852713 0.325581 0.170543 0.833333 0.868217 0.852713 0.852713 0.852713 0.844961 0.217054 0.116279 0.341085 0.294574 0.248062 0.325581 0.860465 0.860465 0.790698 0.875969 0.881890
ACL98049__EU999951.1   0.883019 0.359375 0.264550 0.885463 0.346535 0.306931 0.894273 0.319588 0.308017 0.237885 0.328571 0.766038 0.281481 0.291045 0.294964 0.310078 0.000000 0.883019 0.818868 0.826415 0.803774 0.898113 0.250000 0.875472 0.883019 0.218868 0.769811 0.886792 0.894340 0.875472 0.879245 0.875472 0.249057 0.241509 0.833333 0.879245 0.879245 0.875472 0.894340 0.875472 0.218868 0.233962 0.252830 0.233962 0.264151 0.249057 0.886792 0.875472 0.769811 0.886792 0.850394
AMO03245__KU754530.1   0.790281 0.843750 0.867725 0.894273 0.831683 0.831683 0.889868 0.814433 0.890295 0.889868 0.871429 0.875339 0.859259 0.843284 0.863309 0.844961 0.883019 0.000000 0.878481 0.865823 0.860759 0.892754 0.857143 0.356962 0.397468 0.884615 0.883544 0.900270 0.541772 0.673418 0.384810 0.369620 0.891176 0.886905 0.819444 0.351899 0.498734 0.356962 0.541772 0.673418 0.887574 0.884615 0.870588 0.873529 0.884615 0.891176 0.900270 0.875000 0.883544 0.734536 0.692913
YP_009175042__JQ943580 0.884910 0.867188 0.857143 0.881057 0.841584 0.841584 0.867841 0.845361 0.805907 0.832599 0.857143 0.815718 0.844444 0.843284 0.834532 0.852713 0.818868 0.878481 0.000000 0.546405 0.500652 0.886957 0.850000 0.864865 0.864865 0.816568 0.812500 0.878706 0.877193 0.870324 0.882064 0.874693 0.823529 0.803571 0.833333 0.884521 0.880893 0.877150 0.877193 0.870324 0.813609 0.798817 0.808824 0.820588 0.801775 0.823529 0.878706 0.877717 0.812500 0.865979 0.826772
YP_004221744__HM030973 0.882353 0.867188 0.851852 0.885463 0.851485 0.851485 0.881057 0.835052 0.839662 0.823789 0.857143 0.794038 0.844444 0.843284 0.848921 0.844961 0.826415 0.865823 0.546405 0.000000 0.569935 0.881159 0.850000 0.879607 0.884521 0.813609 0.815000 0.873315 0.874687 0.885287 0.879607 0.874693 0.817647 0.809524 0.819444 0.882064 0.858561 0.877150 0.874687 0.885287 0.816568 0.807692 0.829412 0.811765 0.807692 0.817647 0.873315 0.872283 0.815000 0.886598 0.858268
AHC98224__HM030971.2   0.890026 0.851562 0.862434 0.854626 0.841584 0.841584 0.867841 0.845361 0.822785 0.845815 0.842857 0.821138 0.844444 0.843284 0.856115 0.844961 0.803774 0.860759 0.500652 0.569935 0.000000 0.886957 0.864286 0.877150 0.877150 0.831361 0.797500 0.884097 0.887218 0.877805 0.882064 0.879607 0.823529 0.818452 0.833333 0.874693 0.883375 0.877150 0.887218 0.877805 0.831361 0.819527 0.814706 0.823529 0.819527 0.823529 0.884097 0.875000 0.797500 0.876289 0.842520
AEY63650__JN619370.1   0.901449 0.867188 0.878307 0.308370 0.831683 0.841584 0.334802 0.855670 0.877637 0.885463 0.864286 0.869565 0.874074 0.858209 0.856115 0.868217 0.898113 0.892754 0.886957 0.881159 0.886957 0.000000 0.864286 0.869565 0.884058 0.893491 0.895652 0.168116 0.878261 0.886957 0.875362 0.878261 0.870588 0.880952 0.833333 0.886957 0.886957 0.878261 0.878261 0.886957 0.890533 0.878698 0.882353 0.888235 0.881657 0.870588 0.168116 0.600000 0.895652 0.901449 0.850394
AGD80031__KC136294.1   0.864286 0.617188 0.164286 0.850000 0.584158 0.564356 0.857143 0.525773 0.107143 0.135714 0.464286 0.785714 0.118519 0.126866 0.122302 0.124031 0.250000 0.857143 0.850000 0.850000 0.864286 0.864286 0.000000 0.828571 0.864286 0.178571 0.778571 0.864286 0.842857 0.850000 0.821429 0.828571 0.257143 0.107143 0.833333 0.850000 0.864286 0.835714 0.842857 0.850000 0.164286 0.057143 0.264286 0.228571 0.178571 0.257143 0.864286 0.842857 0.778571 0.871429 0.874016
AEQ39077__JF461542.1   0.769821 0.851562 0.873016 0.894273 0.851485 0.861386 0.889868 0.855670 0.869198 0.881057 0.857143 0.875339 0.859259 0.843284 0.856115 0.852713 0.875472 0.356962 0.864865 0.879607 0.877150 0.869565 0.828571 0.000000 0.425061 0.869822 0.885000 0.876011 0.563910 0.670823 0.071253 0.061425 0.882353 0.872024 0.805556 0.159705 0.528536 0.088452 0.563910 0.670823 0.875740 0.869822 0.888235 0.891176 0.878698 0.882353 0.876011 0.880435 0.885000 0.757732 0.700787
ADF97522__GU976286.1   0.780051 0.820312 0.878307 0.867841 0.821782 0.831683 0.867841 0.835052 0.886076 0.885463 0.842857 0.875339 0.866667 0.865672 0.863309 0.875969 0.883019 0.397468 0.864865 0.884521 0.877150 0.884058 0.864286 0.425061 0.000000 0.881657 0.885000 0.884097 0.573935 0.680798 0.454545 0.439803 0.873529 0.875000 0.819444 0.429975 0.468983 0.422604 0.573935 0.680798 0.881657 0.881657 0.879412 0.888235 0.872781 0.873529 0.884097 0.888587 0.885000 0.755155 0.716535
AAT28125__AY547549.1   0.884615 0.343750 0.174603 0.876652 0.168317 0.188119 0.881057 0.185567 0.253165 0.136564 0.200000 0.781065 0.214815 0.208955 0.230216 0.232558 0.218868 0.884615 0.816568 0.813609 0.831361 0.893491 0.178571 0.869822 0.881657 0.000000 0.798817 0.878698 0.872781 0.872781 0.878698 0.872781 0.215976 0.154762 0.847222 0.875740 0.878698 0.866864 0.872781 0.872781 0.041420 0.147929 0.192308 0.201183 0.177515 0.215976 0.878698 0.893491 0.798817 0.878698 0.842520
ABB71128__DQ233638.1   0.902813 0.875000 0.820106 0.885463 0.871287 0.881188 0.876652 0.876289 0.776371 0.775330 0.878571 0.612466 0.777778 0.776119 0.784173 0.790698 0.769811 0.883544 0.812500 0.815000 0.797500 0.895652 0.778571 0.885000 0.885000 0.798817 0.000000 0.894879 0.892231 0.885000 0.885000 0.887500 0.782353 0.791667 0.819444 0.885000 0.890000 0.880000 0.892231 0.885000 0.801775 0.789941 0.788235 0.797059 0.784024 0.782353 0.894879 0.894022 0.000000 0.889175 0.866142
AAO60070__AY222840.1   0.886792 0.867188 0.873016 0.079295 0.831683 0.841584 0.057269 0.845361 0.852321 0.876652 0.871429 0.880759 0.859259 0.850746 0.856115 0.860465 0.886792 0.900270 0.878706 0.873315 0.884097 0.168116 0.864286 0.876011 0.884097 0.878698 0.894879 0.000000 0.878706 0.897574 0.878706 0.878706 0.876471 0.886905 0.833333 0.892183 0.889488 0.881402 0.878706 0.897574 0.878698 0.872781 0.885294 0.879412 0.881657 0.876471 0.000000 0.608696 0.894879 0.886792 0.842520
AAF97862__AF174534.1   0.792839 0.859375 0.857143 0.885463 0.851485 0.841584 0.885463 0.835052 0.877637 0.876652 0.864286 0.883469 0.851852 0.835821 0.841727 0.852713 0.894340 0.541772 0.877193 0.874687 0.887218 0.878261 0.842857 0.563910 0.573935 0.872781 0.892231 0.878706 0.000000 0.679198 0.581454 0.558897 0.876471 0.869048 0.847222 0.543860 0.586466 0.556391 0.000000 0.679198 0.887574 0.857988 0.897059 0.888235 0.881657 0.876471 0.878706 0.875000 0.892231 0.744845 0.700787
AAF71693__AF171943.1   0.780051 0.867188 0.857143 0.889868 0.831683 0.831683 0.876652 0.845361 0.881857 0.863436 0.871429 0.859079 0.851852 0.835821 0.848921 0.844961 0.875472 0.673418 0.870324 0.885287 0.877805 0.886957 0.850000 0.670823 0.680798 0.872781 0.885000 0.897574 0.679198 0.000000 0.680798 0.675810 0.867647 0.880952 0.847222 0.665835 0.705736 0.663342 0.679198 0.000000 0.872781 0.875740 0.882353 0.885294 0.881657 0.867647 0.897574 0.891304 0.885000 0.662371 0.645669
ACU32796__GQ342966.1   0.774936 0.835938 0.878307 0.876652 0.861386 0.851485 0.876652 0.845361 0.864979 0.889868 0.857143 0.878049 0.844444 0.850746 0.848921 0.844961 0.879245 0.384810 0.882064 0.879607 0.882064 0.875362 0.821429 0.071253 0.454545 0.878698 0.885000 0.878706 0.581454 0.680798 0.000000 0.088452 0.879412 0.875000 0.791667 0.194103 0.543424 0.120393 0.581454 0.680798 0.881657 0.881657 0.891176 0.891176 0.852071 0.879412 0.878706 0.880435 0.885000 0.773196 0.724409
ABS29340__EF690538.1   0.782609 0.851562 0.857143 0.889868 0.851485 0.851485 0.881057 0.835052 0.860759 0.876652 0.864286 0.878049 0.851852 0.858209 0.856115 0.852713 0.875472 0.369620 0.874693 0.874693 0.879607 0.878261 0.828571 0.061425 0.439803 0.872781 0.887500 0.878706 0.558897 0.675810 0.088452 0.000000 0.882353 0.851190 0.805556 0.167076 0.540943 0.103194 0.558897 0.675810 0.875740 0.869822 0.882353 0.891176 0.860947 0.882353 0.881402 0.877717 0.887500 0.757732 0.716535
CAE55208__AJ608266.2   0.888235 0.351562 0.269841 0.885463 0.386139 0.376238 0.885463 0.371134 0.303797 0.237885 0.385714 0.794118 0.288889 0.291045 0.302158 0.325581 0.249057 0.891176 0.823529 0.817647 0.823529 0.870588 0.257143 0.882353 0.873529 0.215976 0.782353 0.876471 0.876471 0.867647 0.879412 0.882353 0.000000 0.220238 0.819444 0.867647 0.873529 0.882353 0.876471 0.867647 0.207101 0.221893 0.226471 0.214706 0.224852 0.000000 0.876471 0.879412 0.782353 0.894118 0.866142
BAB00609__AB045980.2   0.883929 0.351562 0.052910 0.881057 0.079208 0.079208 0.885463 0.051546 0.189873 0.066079 0.100000 0.794643 0.133333 0.141791 0.151079 0.170543 0.241509 0.886905 0.803571 0.809524 0.818452 0.880952 0.107143 0.872024 0.875000 0.154762 0.791667 0.886905 0.869048 0.880952 0.875000 0.851190 0.220238 0.000000 0.819444 0.880952 0.863095 0.869048 0.869048 0.880952 0.139881 0.053571 0.196429 0.193452 0.113095 0.220238 0.886905 0.880952 0.791667 0.872024 0.866142
CAA25469.1__X00956.1   0.861111 0.861111 0.847222 0.833333 0.875000 0.847222 0.833333 0.861111 0.805556 0.805556 0.847222 0.847222 0.833333 0.833333 0.833333 0.833333 0.833333 0.819444 0.833333 0.819444 0.833333 0.833333 0.833333 0.805556 0.819444 0.847222 0.819444 0.833333 0.847222 0.847222 0.791667 0.805556 0.819444 0.819444 0.000000 0.833333 0.847222 0.819444 0.847222 0.847222 0.847222 0.805556 0.819444 0.833333 0.819444 0.819444 0.833333 0.847222 0.819444 0.847222 0.833333
CAA25468.1__X00956.1   0.808184 0.835938 0.873016 0.876652 0.831683 0.841584 0.881057 0.835052 0.869198 0.881057 0.871429 0.875339 0.844444 0.865672 0.870504 0.868217 0.879245 0.351899 0.884521 0.882064 0.874693 0.886957 0.850000 0.159705 0.429975 0.875740 0.885000 0.892183 0.543860 0.665835 0.194103 0.167076 0.867647 0.880952 0.833333 0.000000 0.506203 0.132678 0.543860 0.665835 0.875740 0.878698 0.879412 0.876471 0.884615 0.864706 0.892183 0.888587 0.885000 0.757732 0.685039
CAA34082.1__X15960.1   0.782609 0.851562 0.862434 0.885463 0.841584 0.831683 0.867841 0.835052 0.877637 0.863436 0.871429 0.875339 0.866667 0.843284 0.856115 0.852713 0.879245 0.498734 0.880893 0.858561 0.883375 0.886957 0.864286 0.528536 0.468983 0.878698 0.890000 0.889488 0.586466 0.705736 0.543424 0.540943 0.873529 0.863095 0.847222 0.506203 0.000000 0.521092 0.586466 0.705736 0.869822 0.863905 0.873529 0.876471 0.875740 0.873529 0.889488 0.877717 0.890000 0.778351 0.779528
CAA34081.1__X15959.1   0.780051 0.820312 0.878307 0.872247 0.831683 0.841584 0.894273 0.835052 0.864979 0.876652 0.864286 0.880759 0.851852 0.850746 0.863309 0.852713 0.875472 0.356962 0.877150 0.877150 0.877150 0.878261 0.835714 0.088452 0.422604 0.866864 0.880000 0.881402 0.556391 0.663342 0.120393 0.103194 0.882353 0.869048 0.819444 0.132678 0.521092 0.000000 0.556391 0.663342 0.872781 0.863905 0.879412 0.885294 0.878698 0.882353 0.889488 0.875000 0.882500 0.757732 0.700787
AAF97862__AF174534.1.1 0.792839 0.859375 0.857143 0.885463 0.851485 0.841584 0.885463 0.835052 0.877637 0.876652 0.864286 0.883469 0.851852 0.835821 0.841727 0.852713 0.894340 0.541772 0.877193 0.874687 0.887218 0.878261 0.842857 0.563910 0.573935 0.872781 0.892231 0.878706 0.000000 0.679198 0.581454 0.558897 0.876471 0.869048 0.847222 0.543860 0.586466 0.556391 0.000000 0.679198 0.887574 0.857988 0.897059 0.888235 0.881657 0.876471 0.878706 0.875000 0.892231 0.744845 0.700787
AAF71693__AF171943.1.1 0.780051 0.867188 0.857143 0.889868 0.831683 0.831683 0.876652 0.845361 0.881857 0.863436 0.871429 0.859079 0.851852 0.835821 0.848921 0.844961 0.875472 0.673418 0.870324 0.885287 0.877805 0.886957 0.850000 0.670823 0.680798 0.872781 0.885000 0.897574 0.679198 0.000000 0.680798 0.675810 0.867647 0.880952 0.847222 0.665835 0.705736 0.663342 0.679198 0.000000 0.872781 0.875740 0.882353 0.885294 0.881657 0.867647 0.897574 0.891304 0.885000 0.662371 0.645669
ACF36170.1__EU826138.1 0.881657 0.335938 0.153439 0.881057 0.168317 0.158416 0.881057 0.154639 0.244726 0.132159 0.178571 0.789941 0.192593 0.186567 0.208633 0.217054 0.218868 0.887574 0.813609 0.816568 0.831361 0.890533 0.164286 0.875740 0.881657 0.041420 0.801775 0.878698 0.887574 0.872781 0.881657 0.875740 0.207101 0.139881 0.847222 0.875740 0.869822 0.872781 0.887574 0.872781 0.000000 0.133136 0.198225 0.189349 0.165680 0.207101 0.881657 0.890533 0.801775 0.872781 0.866142
AAQ90063.1__AY324870.1 0.884615 0.351562 0.084656 0.876652 0.108911 0.069307 0.867841 0.092784 0.168776 0.070485 0.100000 0.789941 0.081481 0.089552 0.100719 0.116279 0.233962 0.884615 0.798817 0.807692 0.819527 0.878698 0.057143 0.869822 0.881657 0.147929 0.789941 0.872781 0.857988 0.875740 0.881657 0.869822 0.221893 0.053571 0.805556 0.878698 0.863905 0.863905 0.857988 0.875740 0.133136 0.000000 0.192308 0.192308 0.112426 0.221893 0.872781 0.884615 0.789941 0.875740 0.866142
BAB64331.1__AB056572.1 0.891176 0.093750 0.238095 0.881057 0.326733 0.366337 0.881057 0.360825 0.303797 0.198238 0.314286 0.794118 0.288889 0.305970 0.302158 0.341085 0.252830 0.870588 0.808824 0.829412 0.814706 0.882353 0.264286 0.888235 0.879412 0.192308 0.788235 0.885294 0.897059 0.882353 0.891176 0.882353 0.226471 0.196429 0.819444 0.879412 0.873529 0.879412 0.897059 0.882353 0.198225 0.192308 0.000000 0.191176 0.204142 0.226471 0.882353 0.897059 0.788235 0.888235 0.858268
ABY87295.1__EU236149.1 0.891176 0.265625 0.211640 0.881057 0.297030 0.336634 0.881057 0.309278 0.299578 0.189427 0.300000 0.797059 0.259259 0.253731 0.273381 0.294574 0.233962 0.873529 0.820588 0.811765 0.823529 0.888235 0.228571 0.891176 0.888235 0.201183 0.797059 0.879412 0.888235 0.885294 0.891176 0.891176 0.214706 0.193452 0.833333 0.876471 0.876471 0.885294 0.888235 0.885294 0.189349 0.192308 0.191176 0.000000 0.210059 0.214706 0.879412 0.888235 0.797059 0.885294 0.874016
AAB17727.1__U39876.1   0.890533 0.359375 0.121693 0.885463 0.099010 0.099010 0.889868 0.061856 0.244726 0.118943 0.142857 0.792899 0.207407 0.216418 0.215827 0.248062 0.264151 0.884615 0.801775 0.807692 0.819527 0.881657 0.178571 0.878698 0.872781 0.177515 0.784024 0.881657 0.881657 0.881657 0.852071 0.860947 0.224852 0.113095 0.819444 0.884615 0.875740 0.878698 0.881657 0.881657 0.165680 0.112426 0.204142 0.210059 0.000000 0.224852 0.881657 0.872781 0.784024 0.875740 0.850394
CAE55208__AJ608266.2.2 0.888235 0.351562 0.269841 0.885463 0.386139 0.376238 0.885463 0.371134 0.303797 0.237885 0.385714 0.794118 0.288889 0.291045 0.302158 0.325581 0.249057 0.891176 0.823529 0.817647 0.823529 0.870588 0.257143 0.882353 0.873529 0.215976 0.782353 0.876471 0.876471 0.867647 0.879412 0.882353 0.000000 0.220238 0.819444 0.864706 0.873529 0.882353 0.876471 0.867647 0.207101 0.221893 0.226471 0.214706 0.224852 0.000000 0.876471 0.879412 0.782353 0.894118 0.866142
AAO60070__AY222840.1.1 0.886792 0.867188 0.873016 0.079295 0.831683 0.841584 0.057269 0.845361 0.852321 0.876652 0.871429 0.880759 0.859259 0.850746 0.856115 0.860465 0.886792 0.900270 0.878706 0.873315 0.884097 0.168116 0.864286 0.876011 0.884097 0.878698 0.894879 0.000000 0.878706 0.897574 0.878706 0.881402 0.876471 0.886905 0.833333 0.892183 0.889488 0.889488 0.878706 0.897574 0.881657 0.872781 0.882353 0.879412 0.881657 0.876471 0.000000 0.608696 0.894879 0.886792 0.842520
ABO33432.2__EF137180.2 0.896739 0.875000 0.862434 0.656388 0.841584 0.831683 0.651982 0.814433 0.864979 0.859031 0.850000 0.877717 0.859259 0.858209 0.848921 0.860465 0.875472 0.875000 0.877717 0.872283 0.875000 0.600000 0.842857 0.880435 0.888587 0.893491 0.894022 0.608696 0.875000 0.891304 0.880435 0.877717 0.879412 0.880952 0.847222 0.888587 0.877717 0.875000 0.875000 0.891304 0.890533 0.884615 0.897059 0.888235 0.872781 0.879412 0.608696 0.000000 0.894022 0.888587 0.881890
ABB71128__DQ233638.1.1 0.902813 0.875000 0.820106 0.885463 0.871287 0.881188 0.876652 0.876289 0.776371 0.775330 0.878571 0.612466 0.777778 0.776119 0.784173 0.790698 0.769811 0.883544 0.812500 0.815000 0.797500 0.895652 0.778571 0.885000 0.885000 0.798817 0.000000 0.894879 0.892231 0.885000 0.885000 0.887500 0.782353 0.791667 0.819444 0.885000 0.890000 0.882500 0.892231 0.885000 0.801775 0.789941 0.788235 0.797059 0.784024 0.782353 0.894879 0.894022 0.000000 0.889175 0.866142
midge1-541_1__         0.847938 0.859375 0.873016 0.881057 0.831683 0.861386 0.867841 0.855670 0.881857 0.889868 0.871429 0.888889 0.866667 0.865672 0.870504 0.875969 0.886792 0.734536 0.865979 0.886598 0.876289 0.901449 0.871429 0.757732 0.755155 0.878698 0.889175 0.886792 0.744845 0.662371 0.773196 0.757732 0.894118 0.872024 0.847222 0.757732 0.778351 0.757732 0.744845 0.662371 0.872781 0.875740 0.888235 0.885294 0.875740 0.894118 0.886792 0.888587 0.889175 0.000000 0.661417
midge1-541_2__         0.795276 0.897638 0.858268 0.866142 0.900990 0.891089 0.842520 0.896907 0.866142 0.866142 0.889764 0.850394 0.881890 0.881890 0.874016 0.881890 0.850394 0.692913 0.826772 0.858268 0.842520 0.850394 0.874016 0.700787 0.716535 0.842520 0.866142 0.842520 0.700787 0.645669 0.724409 0.716535 0.866142 0.866142 0.833333 0.685039 0.779528 0.700787 0.700787 0.645669 0.866142 0.866142 0.858268 0.874016 0.850394 0.866142 0.842520 0.881890 0.866142 0.661417 0.000000
